###################
#####  MOTOR  #####
###################

0      20      40      60      80      100      120      140      160      180
------------------------------------------------------------------------------
-5.12  -4.08   -3.031  -1,998  -0.896  0.186    1.286    2.279    3.312    4.42





180     160      140      120      100      80       60       40      20     0
--------------------------------------------------------------------------------------
4.42    3.399    2.320    1.225    0.176    -0.847   -1.887   -2.958  -4.00  -5.12





####################
#####  SENSOR  #####
####################

1   5   10   15   20   25   30   35   40   45   50   55   60   65   70   75   80   85
--------------------------------------------------------------------------------------
3   5   10   15   20   25   30   35   40   45   50   55   60   65   70   75   80   85




85   80   75   70   65   60   55   50   45   40   35   30   25   20   15   10   5   1
--------------------------------------------------------------------------------------
85   80   75   70   65   60   55   50   45   40   35   30   25   20   15   10   5   3





